2289
12413
54159
7137
131045
8793
8579
11340
69168
20445
43162
33008
90223
57719
15462
3066
8893
2339
59380
52735
35286
14592
7770
7632
15504
9836
13878
408
40326
29090
5097
98926
36858
26538
68633
9036
26020
13460
107006
23608
72736
14023
5099
60500
24370
87729
12356
30710
46326
51725
21755
18711
38962
129522
27497
2067
22095
22352
2027
14044
180133
69302
96983
78391
21464
12535
27227
46200
69724
25539
18727
7873
139152
187093
3896
109207
5608
292
12972
240431
73483
186796
7629
333027
19806
159
43874
105222
33888
130975
72782
14312
26648
74546
69231
72925
49371
98691
48504
38081
269750
11500
207129
893
31112
74867
76887
87311
14781
35723
357495
3979
46044
12196
17690
11168
29078
166307
18942
304156
2268
1616
26862
32597
90057
596
8086
74457
86314
3598
186100
548
45525
3682
378179
135693
9837
18388
133319
70268
1669
30564
78546
70672
208175
71817
17342
460
61299
41393
10778
56438
8188
58613
249840
39611
5908
45851
4089
5940
48871
74943
6834
38626
10367
13926
10031
17074
66118
4164
23733
176863
48211
10598
45070
189736
103697
115198
17351
141283
4609
28575
49142
3547
89294
14874
52947
34637
28409
61589
50564
5424
72271
859
102671
4650
48892
22384
17472
6974
90552
6011
31913
7851
46118
24057
30091
132820
23655
9176
121275
6187
57040
25206
50822
21010
36616
86745
102730
31733
3931
81812
26742
11338
677
82669
26951
79463
50462
66980
49737
32990
147402
113512
42646
6280
2554
37987
5250
80683
37881
36188
269045
12911
61867
13522
31254
8189
30626
78096
30311
29351
97307
57881
5383
108310
13384
18546
82334
14851
22243
76954
39819
15601
103910
74142
41909
51301
72959
3575
43377
42023
22308
136706
5686
28751
26840
56863
9911
76565
53054
117585
31414
95179
